        d="M 797.33,536.67
           C 797.33,536.67 900.00,480.33 900.00,480.33
             900.00,480.33 876.00,683.33 876.00,683.33
             876.00,683.33 991.33,760.67 991.33,760.67
             991.33,760.67 1037.67,633.00 1037.67,633.00
             1037.67,633.00 1077.25,403.50 1077.25,403.50
             1077.25,403.50 1009.50,324.50 1009.50,324.50
             1009.50,324.50 1185.00,305.33 1185.00,305.33
             1185.00,305.33 1326.00,333.00 1326.00,333.00
             1326.00,333.00 1418.67,379.67 1418.67,379.67
             1418.67,379.67 1212.33,510.33 1212.33,510.33
             1212.33,510.33 1307.75,607.25 1307.75,607.25
             1307.75,607.25 1264.50,646.75 1264.50,646.75
             1264.50,646.75 1441.25,644.50 1441.25,644.50
             1441.25,644.50 1330.50,768.00 1330.50,768.00
             1330.50,768.00 1269.67,838.00 1269.67,838.00
             1269.67,838.00 1256.67,918.33 1256.67,918.33
             1256.67,918.33 1310.67,918.00 1310.67,918.00
             1310.67,918.00 1441.00,1080.33 1441.00,1080.33
             1441.00,1080.33 1277.67,1184.33 1277.67,1184.33
             1277.67,1184.33 1242.00,1208.33 1242.00,1208.33
             1242.00,1208.33 1097.00,1067.00 1097.00,1067.00
             1097.00,1067.00 1051.67,934.67 1051.67,934.67
             1051.67,934.67 860.33,946.00 860.33,946.00
             860.33,946.00 982.67,1108.67 982.67,1108.67
             982.67,1108.67 851.33,1201.00 851.33,1201.00
             851.33,1201.00 1036.33,1390.00 1036.33,1390.00
             1036.33,1390.00 1179.00,1323.00 1179.00,1323.00
             1179.00,1323.00 1470.50,1349.00 1470.50,1349.00
             1470.50,1349.00 1559.75,1297.25 1559.75,1297.25
             1559.75,1297.25 1547.00,1169.50 1547.00,1169.50
             1547.00,1169.50 1578.25,1001.50 1578.25,1001.50
             1578.25,1001.50 1682.50,1165.00 1682.50,1165.00
             1682.50,1165.00 1664.36,1318.36 1664.36,1318.36
             1664.36,1318.36 1772.00,1250.67 1772.00,1250.67
             1772.00,1250.67 1784.00,1072.67 1784.00,1072.67
             1784.00,1072.67 1802.00,857.75 1802.00,857.75
             1802.00,857.75 1846.50,824.50 1846.50,824.50
             1846.50,824.50 1815.50,718.25 1815.50,718.25
             1815.50,718.25 1634.50,784.50 1634.50,784.50
             1634.50,784.50 1560.75,837.50 1560.75,837.50
             1560.75,837.50 1498.00,723.75 1498.00,723.75
             1498.00,723.75 1576.67,613.67 1576.67,613.67
             1576.67,613.67 1684.00,616.00 1684.00,616.00
             1684.00,616.00 1574.33,495.33 1574.33,495.33
             1574.33,495.33 1582.67,368.33 1582.67,368.33
             1582.67,368.33 1717.33,371.00 1717.33,371.00
             1717.33,371.00 863.33,317.33 863.33,317.33" />
